487 541 949 423 202 379 831 772 674 258 177 304 218 233 633 423 779 320 472 676 618 841 551 7 896 610 976 791 887 804 814 749 743 150 302 714 893 569 718 121 575 836 609 678 79 453 270 335 5 910 633 753 306 162 588 63 103 653 95 101 775 829 324 294 25 825 739 466 943 522 975 450 867 833 912 520 459 927 594 277 53
649 321 56 421 619 186 42 649 444 695 550 894 379 542 865 21 830 934 48 148 354 159 586 964 42 732 79 472 173 596 398 141 746 671 174 147 78 189 843 196 979 826 398 34 448 584 859 923 419 565 644 889 630 615 199 308 108 628 579 184 183 521 124 35 762 710 217 847 875 606 383 136 285 726 387 594
178 708 596 492 18 398 648 223 818 133 233 940 925 41 771 394 971 945 21 281 878 5 736 168 666 618 748 384 434 149 822 550 963 662 786 869 20 141 480 634 137 132 422 721 28 31 732 456 255 507 630 48 445 323 426 502 313 504 43 440 60 601 624 668 951 271 891 339 949 328 780 316 800 29 277 183 232 464 129 3 982 31 765 488 966 220 60 590
696 955 305 386 514 551 762 176 820 616 770 748 921 674 13 943 99 979 344 15 116 736 938 958 270 323 388 592 302 587 176 362 613 83 902 763 611 225 731 420 89 103 811 747 671 480 742 927 928 110 421 833 443 809 639 280 558
939 444 487 999 978 353 204 653 637 882 86 460 652 189 560 140 170 201 424 840 553 881 785 713 800 41 899 239 902 587 184 50 435 52 57 493 233 813 266 230 98 850 749 897 54 848 503 211 428 923 965 635 229 758 729 422 487 504 667 514 448 582 312 361 601
812 704 514 824 913 673 54 285 990 259 718 546 862 498 649 128 731 387 261 763 345 516 124 729 468 121 550 677 318 676 709 887 959 212 100 511 19 398 207 76 584 620 633 585 258 197 505 167 293
669 882 255 184 647 438 544 531 115 816 330 760 849 731 709 126 728 166 351 494 948 339 968 103 118 541 63 487 711 683 366 183 930 569 1000
299 413 346 547 859 987 683 752 226 449 977 223 354 977 689 334 38 923 678 366 673 313 175 711 404 314 530 140 244 132 994 313 847 376 838 186 33 201 739 722 594 1 517 424 462 846 602
265 847 330 514 794 190 452 315 111 391 972 672 510 968 33 722 502 474 174 689 663 95 307 745 854 630 613 49 692 145 632 905 616 393 820 47 199 110 430 532 86
292 858 429 298 24 795 131 456 340 61 788 934 919 99 113 666 487 632 680 981 915 385 132 320 648 122 822 44 476 692 150 857 928 593 667 745 788
720 399 659 914 881 335 74 217 333 687 500 434 440 188 337 43 813 508 334 610 996 812 666 454 908 939 569 347 596 770 572 337 495 543 272 373 492
256 807 361 331 40 382 413 596 324 322 115 810 581 75 230 984 619 838 816 468 124 170 545 359 23 398 279 102 841 119 443 531 88 173 650 822 899 806 393 685 474 980 604 515 255 793 791 742 404 266 582 315 526 671 622 287 221 206 995 602 577 610 180 53 325 615 197 629 722 119 996 994 592 619 737 646 787 108 43 46 158 528 798 645 329 459 849 220 384
211 381 966 755 835 389 588 403 172 667 851 640 619 45 935 784 683 741 894 217 513 502 311 287 814 747 144 586 439 650 248 694 495 504 91 827 908 333 226 939 962 933 862 617 783 63 349 458 783 389 499 683 448 488 517 708 186 172 315 927 180 811 152 869 387 239 421 456 762 641 796 991 935 435 843 113 430 135 113 822 144 114 373 888 114 464 552 774 610 497 176 12 171 186 254 261 790
250 421 860 830 267 556 158 417 113 915 545 984 100 559 624 258 115 93 581 941 894 165 288 657 736 965 33 792 710 278 746 582 29 346 132
929 434 370 649 704 695 715 111 931 766 47 334 971 553 967 826 192 134 377 437 616 429 640 365 383 132 841 286 196 410 964 671 735 421 709 286 508 292 972 253 902 725 268 133 775 308 97 352 842 652 710 951 982 647 868 169 996 242 855 677 213 346 829 831 809 853 954 561 364 106 349 276 721 953 684 379 230 570 430 570 38 884 563 727 619 914 586 467 200 733 394 300 548 876 195 879 595
691 306 88 810 336 526 5 133 973 341 440 725 401 313 10 893 539 519 135 384 830 815 587 540 929 717 715 294 207 219 796 5 915 210 600 38 339 949
104 94 917 883 57 173 839 938 564 643 588 21 330 597 193 410 236 420 383 186 884 407 7 837 921 322 752 45 177 152 491 643 26 153 903 684 658 548 242
444 91 141 546 703 450 673 975 421 760 183 806 221 889 476 561 256 1 322 917 888 941 803 437 236 583 895 432 585 712 847 363 414 869 723 331 396 106 711 191 933 296 919 840 225 372 174 792 72 43 24 5 254 530 420 473 593 146 950 633 975 314 368 423 478 48 24 278 452 593 214 681 480 442 649 784 692 209 604 270 168 205 717 309 250 940 126 596 52 989 185 82 409 870 831 745
347 3 826 759 892 233 267 87 746 317 587 958 200 240 618 579 921 745 603 12 787 286 34 350 978 326 460 652 962 390 686 29 300 6 391 929
824 201 454 768 410 382 881 500 593 392 115 968 76 676 918 335 543 705 48 452 569 97 42 94 736 886 773 516 926 908 87 63 781 286 845 734 593 719 50 379 324 633 206 493 103 490 441 517 754 683 373 510 79 718 826 842 265 544 495 289 1000 961 974 719 10 464 416 945 602 234 814 397 264 579 793 645 150 213 894 164 947 765 976 102 87 518 972 19 288 522 165
655 566 597 816 898 300 171 775 205 975 72 736 678 375 407 344 905 382 771 90 501 904 5 641 274 253 80 112 260 488 386 122 39 128 770 270 259 967 582 418 169 836 302 723 643 374 762 575 509 345 94 857 914 73 458 956 551 986 830 439 864 352 979 841 848 612 679 134 796 312 15 356 381 694 800 523 926 176 198 926 766 445 86 424 974
124 199 316 454 665 744 977 498 172 354 246 433 165 367 116 685 784 940 12 534 22 932 378 414 346 401 825 329 963 445 208 36 144 418 627 129 550 142 692 464 443 786 442 511 818 401 524 274 377 205 775 113 118 943 508 851 798 763 551 81 180 463 984 743 377 368
808 171 4 722 945 355 580 650 279 544 513 109 929 184 156 112 29
596 433 501 917 842 665 484 574 659 269 581 790 82 937 35 788 691 490 299 865 191 627 773
152 286 972 55 70 710 863 561 191 417 982 552 677 559 320 762 755 149 785 489 157 20 43 289 487 828 668 919 830 751 762 460 393 921 490 986 899 618 823 483 70 692 717 523 514 287 598 803 965 492 867 92 163 759 886 308 956 769 12 30 759 763 994 442 832 813 504
620 430 439 847 685 585 293 136 236 678 537 538 218 288 250 58 6 561 202 42 831 253 526 900 652 985 966 860 269 46 504 636 297 613 509 104 37 760 897 57 624 974 596 353 875 615 536 969 428 117 163 235 363 398 736 229 940 654 457 127 573 802 488 138 809 512 142 216 997 760 216 969 66 507
271 926 426 67 910 63 941 18 768 387 213 400 76 819 595 804 595 932 71 891 490 74 245 488 853 105 870 633 611 512 647 568 340 747 49 578 388 804 734 822 559 260 854 609 33 970 668 713 434 171 233 643 486 663 855 935 933 22 661 613 807 93 31 832 786 189
405 940 34 731 193 911 304 392 183 856 270 579 370 688 551 364 926 691 918 681 518 117 515 463 791 962 53 782 563 739 178 130 638 158 828 647 665 618 485 9 607 215 84 442 843 647 195 59 359 47 622 374 441 485 307 850 585 83 180 891 55
959 788 964 662 143 513 490 334 819 395 770 672 662 506 13 259 245 233 151 827 447 12 351 227 134 429 873 478 871 186 235 336
93 179 145 838 457 742 221 299 640 591 637 542 622 792 122 661 48 919 367 822 408 933 33 103 313 117 4 618 513 861 368 414 299 522
591 907 660 390 630 145 837 547 833 658 444 852 783 82 987 973 870 427 58 98 220 654 530 261 747 387 755 441 934 128 816 199
282 743 854 369 413 81 280 500 865 599 863 34 98 8 274 707 817 804 869 580 98 153 916 826 153 560 77 455 146 894 752 365 282 728 211 63 685 833 431 442 623 907 513 214 756
972 906 375 395 783 113 66 343 309 286 756 467 602 72 287 754 678 71 403 590 475 417 607 446 683 287 357 559 360 290 742 926 783 207 609 463 291 905 513 728 612 737 168 107 180 844 771 608
521 272 337 44 132 3 373 844 926 872 151 278 385 698 848 668 911 974 879 255 310 847 732 455 190 531 761 968 395 74 429 358 699
762 569 258 552 388 488 749 879 253 553 291 864 949 495 93 687 799 435 768 439 439 24 62 407 575 591 570 14 465 307 571 690 54 438 261 825 244 194 446 979 920 559 667 326 615 919 754 576 456 15
351 415 499 160 838 415 687 733 645 817 557 479 276 49 897 938 233 776 548 856 381 818 259 438 910 268 388 948 190 729 758 795 45 685 490 610 287 773 272 228 907 790 885 503 732 147 219 338 659 34 737 466 712 311 789 359 877 708 129 196 228 533 363 297 451 85 750 99 674 102 642 614 865 22 84 392 109 506 331 185 685 508 373 242
966 836 682 95 360 730 792 645 586 361 497 771 449 997 547 428 784 363 545 561
138 439 720 720 789 994 908 990 73 948 116 147 220 482 350 703 20 460 707 755 571 379 530 556 563 51 534 159 90 309 375 299 276 863 586 181 651 952 430 868 258 298 59 952 315 733 523 253 410 790 416 482 350 240 644 896 242 377 729 97
792 523 912 752 979 981 424 170 683 187 28 403 239 589 547 468 853
75 122 707 534 819 633 146 107 505 910 175 739 666 991 679 528 613 419 956 440 681 818 644 919 275 38 349 541 971 278 344 171 274 513 101 663 861 880 752 754 930 83 822 603 337 57 127 558
95 650 698 346 921 464 717 467 310 154 355 521 511 389 474 997 468 217 467 990 923 556 352 190 100 79 399 773 967 908 918 107 255 302 428 7 264 180 820 1000 619 783 580 736 680 768 284 669 194 478 268 875 789 836 220 26 45 443 279 275 735 494 404 303 654 94 35 793
195 296 755 64 626 757 3 893 520 648 113 790 347 324 926 809 188 109 463 438 332 972 614 753 417 254 791 701 829 240 414 243 262 37 707 281 442 543 887 161 211 384 950 7 108 833 707 67 702 430 673 33 875 933 341 45 894 578 579 811 923 715 482 363 809 944 670 336 922 565 221 118 888 287 766
57 788 887 423 786 93 460 216 868 393 454 627 425 10 149 65 294 245 1000 675 426 919 463 916 529 996 53 752 125 785 459 370 77 409 760 541 879 420 560 348 221 72 854 986 59 619 235 165
390 714 996 616 415 101 718 810 20 543 63 601 909 479 785 128 91 505 443 425 129 719 82 392 666 562 2 949 311 271 789 175 984 17 543 113 288 680 949 403 529 786 757 171 372 910 968 266 817 24 621 723 66 440 780 735 41 509 438 105 854 122 769 425 235
413 394 321 503 652 976 325 445 165 733 740 188 864 389 70 523 573 614 845 392 340 977 324 639 659 84 75 328 410 165 636 75 817 5 225 87 672 309 3 237 731 615
550 965 205 380 181 175 7 128 44 519 761 770 442 281 181 248 658 149 886 747 118 800 941 693 779 838 436 860 157 693 689 203 525 910 117 60 664 831 925 150 378 361 132 244 372 824 917 695 934 699 413 991 138 407 561 593 838 864 203 362 338 349 520 556 452 835 585 513 562 731 317 552 604 403 970 93 111 415 658 694 618 127
631 247 871 982 238 989 399 460 341 20 433 31 995 529 417
448 334 635 430 717 703 885 625 682 514 718 628 45 880 169 90 714 380 183 89 967 348 424 931 772 399 853 445 344 798 675 494 45 210 207 894 438 62 472 527 801 618 898 258 631 883 492 330 389 406 832 935 34 797 564 356 75 316 143 282 649 174 112 152 424 596 5 5 81 136 315 448 220 445
922 732 272 729 695 491 204 700 10 319 745 192
865 248 618 243 970 988 571 382 218 759 239 609 771 73 250 723 335 184 140 775 778 935 684 625 994 817 846 989 470 232 696 443 951 108 617 246 97 644 952 880 360 218 550 709 300 641 700 746 620 505 752 946 151 208 368 165 903 333 964 430 503 217 361 234 575 608 668 591 159 841 788 977 378 208 422 807 735 207 332 233 138 82 767 479 16 278 265 828 508 79
